15550
15552
15553
15555
15557
15558
15559
15561
15562
15563
15564
15565
15566
15567
15568
15569
15570
15571
15572
15573
15574
15575
15576
15577
15578
15579
15580
15581
15582
15583
15584
15585
15587
15588
15590
15591
15592
15593
15594
15595
15596
15597
15598
15599
15600
15601
15602
15603
15604
15605
15606
15611
15612
15613
15614
15616
15617
15618
15619
15620
15621
15623
15624
15625
15626
15627
15628
15629
15630
15632
15633
15634
15635
15636
15637
15639
15640
15641
15642
15643
15644
15645
15646
15647
15648
15649
15650
15651
15652
15653
15654
15655
15656
15657
15658
15659
15661
15662
15663
15664
15665
15667
15668
15669
15671
15672
15673
15674
15675
15676
15677
15678
15679
15680
15681
15682
15683
15684
15685
15686
15687
15688
15689
15690
15691
15693
15694
15695
15696
15697
15698
15699
15700
15701
15702
15704
15705
15707
15713
15714
15715
15716
15717
15718
15719
15720
15721
15722
15723
15724
15725
15727
15728
15731
15732
15733
15735
15736
15737
15738
15739
15740
15741
15742
15743
15744
15745
15746
15747
15748
15749
15750
